import matplotlib.pyplot as plt
data = [
    (214435.94468036888, 60.124033253336556),
    (94863.54510510655, 60.062013965251616),
    (49332.11764831379, 60.248062366691656),
    (1736.5779742364348, 80.65116378649387),
    (2284.4336632135087, 80.58914686411262),
    (2840.761485747623, 80.34108627169871),
    (3315.9674472995407, 80.40310082837627),
    (3953.1759557135347, 80.40310082837627),
    (3897.977854562354, 80.40310082837627),
    (4679.817057373526, 80.34108627169871),
    (5237.011939384977, 80.40310082837627),
    (5901.906700573197, 80.46511538505383),
    (7287.782516318502, 80.27906934931747),
    (10880.306569597013, 80.21705006123253),
    (2416.604958711091, 70.23255739681395),
    (3736.9650332319306, 70.04651372678128),
    (4518.160960388698, 70.04651372678128),
    (5618.468090960319, 70.04651372678128),
    (6889.184676111331, 70.04651372678128),
    (8566.906893050224, 70.48062035493155),
    (10070.549208316996, 69.79845076866368),
    (11672.811898978764, 69.92247988201879),
    (14413.80197782355, 70.17054284013639),
    (20630.202015105137, 70.10852828345884),
    (37765.83727259978, 69.86046532534124),
    (3069.182744324572, 59.81395573854142),
    (4392.8631830872155, 60.37209148004677),
    (6651.2098381006945, 60.18604781001411),
    (8566.906893050224, 60.124033253336556),
    (10285.219286226182, 59.937984851896516),
    (13247.606476549347, 59.937984851896516),
    (15355.334591708292, 60.062013965251616),
    (16943.676861290933, 59.99999940857407),
    (21823.834404547844, 60.248062366691656),
    (25654.29985744938, 60.124033253336556),
    (36718.55331580072, 59.87597029521897),
    (8098.357336210153, 50.20155277989183),
    (10880.306569597013, 50.26356733656938),
    (15904.735881249397, 50.69767396471963),
    (18306.0721990237, 50.44961100660203),
    (21823.834404547844, 50.13953349180688),
    (24251.16406239658, 50.44961100660203),
    (29735.99656200381, 50.44961100660203),
    (29735.99656200381, 50.44961100660203),
    (38570.87730188827, 50.44961100660203),
    (33511.26388692648, 50.51163029468698),
    (46307.20404327715, 50.51163029468698),
    (63989.21431430277, 50.51163029468698),
    (81842.14800376902, 50.57364485136452),
    (112300.48072992203, 50.44961100660203),
    (174883.22086184635, 50.20155277989183),
    (1088031.2405872135, 50.69767396471963),
    (1014161.2455798736, 41.20930485083254),
    (1043087.0802381262, 30.790693729745225),
    (550120.9926818457, 41.1472855627476),
    (236617.00970500428, 40.713169471782564),
    (139649.1515047558, 40.837208047952444),
    (101060.18369654853, 41.33332450137286),
    (81268.71584601181, 40.8992273360374),
    (71608.06389669886, 40.8992273360374),
    (64440.7222882562, 40.8992273360374),
    (55987.5792495956, 41.1472855627476),
    (46307.20404327715, 41.1472855627476),
    (38300.62802401262, 40.96124189271494),
    (29945.78166360043, 41.1472855627476),
    (21069.968206824586, 41.20930485083254),
    (14112.961333843241, 40.8992273360374),
    (4830249.807907014, 30.232557988239872),
    (1043087.0802381262, 30.790693729745225)
]
x, y = zip(*data)

# Plot
plt.scatter(x, y)

plt.xscale('log')

plt.xlabel('x')
plt.ylabel('y')
plt.title('Data')
plt.grid(True)

plt.show()